8095,
7099,
4026,
202,
8478,
7111,
4397,
10361,
10760,
1906,
10559,
8818,
7526,
9279,
12488,
5841,
1147,
6744,
9840,
917,
489,
1555,
4063,
2142,
6254,
9389,
2927,
3575,
2286,
10842,
8799,
11187,
5328,
7406,
7778,
4244,
9864,
6636,
9548,
3924,
6662,
62,
10595,
4641,
8078,
5454,
568,
4742,
3454,
10312,
3599,
7552,
7960,
10371,
5024,
8370,
6649,
7609,
9639,
8583,
5727,
3734,
4201,
9459,
6477,
1989,
5196,
9273,
5206,
539,
3559,
278,
10545,
2009,
1494,
8126,
8007,
4047,
3464,
1307,
3020,
12381,
10002,
9596,
775,
8862,
9447,
9944,
10234,
3211,
695,
7674,
9186,
10496,
8965,
3764,
7364,
5811,
1705,
2451,
9989,
2321,
5267,
10373,
2057,
5228,
4252,
9806,
400,
9421,
4727,
3098,
7863,
6807,
8043,
909,
1685,
3794,
2719,
9380,
6286,
9817,
1929,
5731,
10990,
4713,
10193,
4204,
1959,
7793,
1907,
1762,
8299,
668,
2701,
5758,
5123,
3903,
645,
926,
8584,
10170,
10819,
5495,
2626,
5902,
1062,
7297,
7312,
7158,
8345
